21 21
0 55 45 30 55 -1 95 -1 57 70 64 29 -1 67 30 73 76 -1 15 90 12 
99 30 7 87 71 5 90 23 34 84 26 54 12 21 -1 -1 4 -1 64 58 85 
0 22 -1 46 92 14 7 77 90 39 68 10 49 53 55 99 85 37 -1 48 63 
85 83 77 59 19 53 57 23 43 50 2 -1 8 73 -1 99 35 18 -1 0 62 
10 70 64 91 23 9 -1 -1 96 67 43 14 81 55 22 57 75 90 -1 -1 -1 
75 17 -1 6 -1 7 70 -1 -1 76 -1 49 12 70 62 73 32 -1 41 24 -1 
46 35 28 -1 49 52 68 51 -1 8 36 31 4 35 -1 71 2 16 1 24 70 
-1 -1 23 19 -1 42 -1 -1 15 70 11 17 -1 59 20 -1 66 -1 32 56 9 
-1 35 50 52 92 14 22 58 25 99 99 -1 39 16 41 41 5 71 89 18 35 
-1 45 29 98 56 10 72 62 -1 -1 92 2 68 33 60 76 12 4 17 46 81 
12 -1 99 -1 92 35 66 70 39 72 59 87 85 10 -1 15 -1 -1 17 32 -1 
73 97 52 13 76 85 50 -1 -1 15 67 39 7 37 -1 77 98 55 15 36 -1 
10 27 -1 -1 -1 77 34 29 50 88 27 -1 24 -1 91 56 43 -1 36 78 -1 
32 7 81 34 59 86 -1 -1 -1 4 39 94 81 18 -1 59 61 97 35 22 18 
-1 88 98 69 60 38 -1 21 20 15 2 -1 32 88 95 60 83 81 66 -1 28 
-1 40 24 70 -1 15 85 15 -1 72 65 46 30 31 -1 98 42 -1 10 23 41 
83 24 15 3 -1 -1 66 -1 47 16 50 -1 70 54 64 54 -1 13 36 47 31 
28 -1 -1 70 32 92 27 47 66 9 49 53 92 68 -1 50 -1 29 62 44 88 
75 69 -1 14 46 10 -1 16 -1 29 -1 13 24 22 28 61 24 25 51 20 9 
77 40 84 37 65 54 50 21 -1 88 54 27 -1 94 41 86 1 74 84 -1 52 
19 35 41 -1 -1 90 6 42 11 51 18 49 52 52 19 70 83 -1 2 84 47 
